0246458
0246459
0246464
0246471
0246489
0246492
0246493
0317388
0317391
0317392
0317402
0317403
0317404
0317405
0317406
0317407
0317408
0317409
0317410
0317411
0317412
0317413
0317414
0317423
0317424
0317429
0317430
0317431
0317432
0317433
0317434
0317435
0317436
0317437
0317438
0317439
0317440
0317441
0317442
0317443
0317444
0317445
0317446
0317447
0317448
0317451
0317452
0317453
0317454
0317455
0317450
0317460
0317449
0317461
0317456
0317457
0317458
0317459
0317468
0317469
0317470
0317471
0317475
0317476
0317477
0317479
0317480
0317481
0317482
0317483
0317484
0317485
0317486
0317487
0317472
0317473
0317474
0317488
0317489
0317490
0317491
0317492
0317495
0317496
0317498
0317499
0317500
0317501
0317507
0317508
0317509
0317510
0317511
0317512
0317513
0317506
0317505
0317504
0317503
0317502
